1403637130.5383191109 0.0000255685 -0.0000073170 -0.0001232699 -0.0792967780 -0.7863466071 0.0008167227 0.6126747648
1403637130.5883190632 -0.0002730506 -0.0002486489 -0.0008703816 -0.0799154245 -0.7861276481 0.0014750654 0.6128741061
1403637130.6383192539 -0.0007152348 -0.0007724289 -0.0015135005 -0.0795363955 -0.7863400349 0.0016707308 0.6126504059
1403637130.6883189678 -0.0008393565 -0.0001517288 -0.0015196097 -0.0793107038 -0.7861968841 0.0007152795 0.6128652055
1403637130.7383191586 -0.0010174732 -0.0002192377 -0.0012984597 -0.0790743948 -0.7862730783 0.0003907169 0.6127982814
1403637130.7883191109 -0.0004401723 0.0002393085 -0.0013551030 -0.0784813797 -0.7863180226 -0.0006273316 0.6128166502
1403637130.8383193016 -0.0002158638 0.0004765535 -0.0013541860 -0.0777116779 -0.7864532917 -0.0012340714 0.6127402322
1403637130.8883190155 -0.0001238833 0.0002497778 -0.0013593378 -0.0772462687 -0.7865591746 -0.0017899559 0.6126617949
1403637130.9383192062 -0.0002207857 -0.0001411671 -0.0013367069 -0.0770907037 -0.7865404172 -0.0018564727 0.6127052710
1403637130.9883191586 -0.0004251462 0.0000127563 -0.0013179756 -0.0766180961 -0.7866847418 -0.0025745209 0.6125766533
1403637131.0383191109 -0.0000370069 0.0005235667 -0.0014668069 -0.0764492218 -0.7867176898 -0.0031598989 0.6125526982
1403637131.0883190632 -0.0003100566 0.0011310944 -0.0013156193 -0.0756823608 -0.7868805850 -0.0038771168 0.6124345624
1403637131.1383192539 -0.0006224852 0.0004761744 -0.0011399074 -0.0760649140 -0.7867879585 -0.0033261402 0.6125094073
1403637131.1883189678 -0.0003251559 -0.0001084552 -0.0012706729 -0.0757815295 -0.7868446549 -0.0033460372 0.6124715935
1403637131.2383191586 -0.0004014559 -0.0002830829 -0.0012314166 -0.0755555320 -0.7868693276 -0.0037045052 0.6124657537
1403637131.2883191109 -0.0007706629 -0.0003786780 -0.0011384253 -0.0756996624 -0.7868607499 -0.0036594060 0.6124592477
1403637131.3383193016 -0.0010044713 -0.0000102053 -0.0010808793 -0.0754220705 -0.7869242173 -0.0041283075 0.6124089684
1403637131.3883190155 -0.0005954945 0.0000097484 -0.0012048465 -0.0753760632 -0.7869085623 -0.0041840729 0.6124343698
1403637131.4383192062 -0.0009945156 -0.0002268961 -0.0011100813 -0.0751503232 -0.7868804714 -0.0040153692 0.6124993302
1403637131.4883191586 -0.0013696498 -0.0001586787 -0.0010201711 -0.0748244101 -0.7869878722 -0.0043382887 0.6123990332
1403637131.5383191109 -0.0009248680 0.0001563137 -0.0010903971 -0.0749161951 -0.7869413498 -0.0047933203 0.6124442014
1403637131.5883190632 -0.0004586913 -0.0000516593 -0.0010624356 -0.0752121388 -0.7868350657 -0.0046389180 0.6125456669
1403637131.6383192539 -0.0004746799 -0.0003862061 -0.0009426865 -0.0750892227 -0.7868792687 -0.0044658277 0.6125052502
1403637131.6883189678 -0.0005276804 -0.0005033784 -0.0009340680 -0.0748215867 -0.7869831510 -0.0045606320 0.6124038299
1403637131.7383191586 -0.0004434572 -0.0001087618 -0.0009839907 -0.0745733998 -0.7870174362 -0.0051172276 0.6123856442
1403637131.7883191109 -0.0004476657 -0.0001177201 -0.0010339505 -0.0745026970 -0.7870516944 -0.0050531813 0.6123507523
1403637131.8383193016 -0.0004753611 -0.0003185940 -0.0009749264 -0.0746567150 -0.7870171133 -0.0049148021 0.6123775658
1403637131.8883190155 -0.0004075505 -0.0000198640 -0.0009527292 -0.0745605319 -0.7870277861 -0.0054192626 0.6123713110
1403637131.9383192062 -0.0004537087 -0.0000554614 -0.0009178285 -0.0745764294 -0.7869996504 -0.0053668934 0.6124059952
1403637131.9883191586 -0.0003989141 -0.0000356261 -0.0010365430 -0.0740950703 -0.7871599402 -0.0056019780 0.6122562919
1403637132.0383191109 -0.0004532560 0.0003873340 -0.0010186574 -0.0737806312 -0.7871566117 -0.0062395025 0.6122923776
1403637132.0883190632 -0.0006418587 0.0006098370 -0.0010052689 -0.0737824775 -0.7871538965 -0.0064078851 0.6122939068
1403637132.1383192539 -0.0010159900 0.0011273524 -0.0010074407 -0.0735620451 -0.7872283527 -0.0070078657 0.6122181278
1403637132.1883189678 -0.0011135006 0.0010326023 -0.0009316838 -0.0736300534 -0.7872086337 -0.0067651654 0.6122380377
1403637132.2383191586 -0.0011406264 0.0010578582 -0.0008757176 -0.0734906836 -0.7871361454 -0.0068251982 0.6123473073
1403637132.2883191109 -0.0010249612 0.0009869008 -0.0008854591 -0.0731908963 -0.7872588356 -0.0069812784 0.6122237175
1403637132.3383193016 -0.0009475541 0.0009290420 -0.0008512443 -0.0733095155 -0.7872020103 -0.0070333873 0.6122819950
1403637132.3883190155 -0.0011232064 0.0002792195 -0.0007555026 -0.0737182565 -0.7870425631 -0.0062338639 0.6124465376
1403637132.4383192062 -0.0009157323 0.0003847898 -0.0008801104 -0.0734331131 -0.7871601380 -0.0067462570 0.6123242467
1403637132.4883191586 -0.0006660674 0.0005276315 -0.0009092224 -0.0732517510 -0.7871726461 -0.0070360235 0.6123266290
1403637132.5383191109 -0.0006742859 0.0005246141 -0.0009333680 -0.0732102081 -0.7872165307 -0.0069604414 0.6122760419
1403637132.5883190632 -0.0008713383 0.0012202577 -0.0009115082 -0.0727091791 -0.7872868062 -0.0078356763 0.6122348097
1403637132.6383192539 -0.0011558998 0.0014031340 -0.0008496891 -0.0727219709 -0.7872852646 -0.0078004394 0.6122357228
1403637132.6883189678 -0.0015026951 0.0009277528 -0.0007817748 -0.0732157081 -0.7871922668 -0.0071525086 0.6123043662
1403637132.7383191586 -0.0015708263 0.0005914745 -0.0007506384 -0.0731967891 -0.7871834542 -0.0070521656 0.6123191214
1403637132.7883191109 -0.0019826723 0.0004913770 -0.0006145292 -0.0732818247 -0.7870998557 -0.0070129389 0.6124168596
1403637132.8383193016 -0.0022446443 0.0005409774 -0.0004647476 -0.0732127515 -0.7870872135 -0.0070435695 0.6124410172
1403637132.8883190155 -0.0027036842 0.0008966848 -0.0002781800 -0.0737147955 -0.7868932695 -0.0069459793 0.6126311000
1403637132.9383192062 -0.0035794539 0.0018575848 -0.0001130261 -0.0734146230 -0.7868977095 -0.0076111298 0.6126535389
1403637132.9883191586 -0.0045150297 0.0013711547 0.0000255765 -0.0745056890 -0.7869625921 -0.0065186647 0.6124510494
1403637133.0383191109 -0.0055217645 0.0008991938 0.0001336749 -0.0749244357 -0.7871737777 -0.0064036353 0.6121296971
1403637133.0883190632 -0.0055145342 0.0008712001 0.0007209902 -0.0743032761 -0.7867918858 -0.0068204593 0.6126916295
1403637133.1383192539 -0.0041696494 0.0010625424 0.0023784332 -0.0742886967 -0.7859078698 -0.0046840490 0.6138469430
1403637133.1883189678 -0.0033378472 0.0023494303 0.0044749183 -0.0738894155 -0.7858498507 -0.0056801144 0.6139609944
1403637133.2383191586 -0.0029856288 0.0041284563 0.0064792926 -0.0728945698 -0.7861464217 -0.0094573015 0.6136536033
1403637133.2883191109 -0.0018493113 0.0042122713 0.0086262786 -0.0719410430 -0.7867604985 -0.0122810712 0.6129286905
1403637133.3383193016 -0.0011855562 0.0038897333 0.0100999600 -0.0720036791 -0.7874560859 -0.0140656126 0.6119890045
1403637133.3883190155 -0.0008612004 0.0039023486 0.0127041120 -0.0741754151 -0.7883883142 -0.0169570728 0.6104542010
1403637133.4383192062 -0.0007900143 0.0036873995 0.0170356873 -0.0762996763 -0.7900641274 -0.0186064994 0.6079727232
1403637133.4883191586 -0.0001456431 0.0026511595 0.0197418326 -0.0772015989 -0.7925903165 -0.0172436658 0.6046016534
1403637133.5383191109 -0.0001328809 0.0023484894 0.0219090220 -0.0798546556 -0.7953697231 -0.0175598966 0.6005846215
1403637133.5883190632 0.0019793386 0.0033836035 0.0240339527 -0.0827391433 -0.7979291438 -0.0176226306 0.5967853538
1403637133.6383192539 0.0039457833 0.0052830228 0.0270115541 -0.0850049527 -0.7996504210 -0.0189395143 0.5941167032
1403637133.6883189678 0.0061555051 0.0075122553 0.0317940063 -0.0856928141 -0.8006413468 -0.0216738661 0.5925878998
1403637133.7383191586 0.0086421153 0.0098742299 0.0399077769 -0.0866399271 -0.8008764846 -0.0237128917 0.5920541177
1403637133.7883191109 0.0109132527 0.0118849020 0.0514822662 -0.0883912569 -0.8006930482 -0.0259481000 0.5919495962
1403637133.8383193016 0.0123242454 0.0140367155 0.0662549567 -0.0919420668 -0.8011683706 -0.0295239983 0.5905965052
1403637133.8883190155 0.0135573659 0.0163180640 0.0850989324 -0.0962072850 -0.8024273774 -0.0324761842 0.5880474128
1403637133.9383192062 0.0142919218 0.0177233021 0.1076221276 -0.0999926756 -0.8035102029 -0.0335367278 0.5858737975
1403637133.9883191586 0.0158866027 0.0185527823 0.1327980263 -0.1024959720 -0.8038529376 -0.0362983867 0.5848054869
1403637134.0383191109 0.0163064621 0.0175575228 0.1629504474 -0.1038312352 -0.8034499272 -0.0391959080 0.5849367230
1403637134.0883190632 0.0177025592 0.0175476481 0.1928235479 -0.1038679493 -0.8029329912 -0.0445323023 0.5852580071
1403637134.1383192539 0.0194371837 0.0175774103 0.2233598743 -0.1042222605 -0.8021332591 -0.0510851755 0.5857561437
1403637134.1883189678 0.0206973848 0.0176332909 0.2535448131 -0.1043405743 -0.8005935263 -0.0584357629 0.5871527159
1403637134.2383191586 0.0213089954 0.0175982479 0.2842584512 -0.1049033372 -0.7969695449 -0.0657680887 0.5911931942
1403637134.2883191109 0.0205726615 0.0168591594 0.3121033117 -0.1048606182 -0.7922585617 -0.0687529709 0.5971630021
1403637134.3383193016 0.0211899830 0.0172407734 0.3361968530 -0.1045063209 -0.7869460855 -0.0705036575 0.6040062265
1403637134.3883190155 0.0207675220 0.0179905137 0.3567435063 -0.1045550323 -0.7815126978 -0.0718898067 0.6108502305
1403637134.4383192062 0.0200286509 0.0185146361 0.3713355022 -0.1072918979 -0.7770723067 -0.0726236494 0.6159325323
1403637134.4883191586 0.0193736352 0.0191838855 0.3778328341 -0.1111907401 -0.7740867530 -0.0700917648 0.6192846378
1403637134.5383191109 0.0183317503 0.0202208531 0.3759283412 -0.1144084718 -0.7736197951 -0.0687757535 0.6194295843
1403637134.5883190632 0.0164619081 0.0219725324 0.3653769922 -0.1158652893 -0.7754956192 -0.0690914722 0.6167723630
1403637134.6383192539 0.0146404500 0.0242150261 0.3468326369 -0.1155850587 -0.7792238234 -0.0709163501 0.6118996637
1403637134.6883189678 0.0125866551 0.0263488782 0.3217928307 -0.1145652657 -0.7842308798 -0.0721039649 0.6055227042
1403637134.7383191586 0.0109068229 0.0281619648 0.2907384905 -0.1131984474 -0.7906227221 -0.0704486547 0.5976109184
1403637134.7883191109 0.0113479856 0.0295891981 0.2560883258 -0.1115767761 -0.7982534489 -0.0678248651 0.5879981650
1403637134.8383193016 0.0116760547 0.0305976569 0.2192281235 -0.1124299037 -0.8061779623 -0.0632464290 0.5774396065
1403637134.8883190155 0.0120267171 0.0308723519 0.1830872702 -0.1132617369 -0.8138323197 -0.0584233053 0.5669527774
1403637134.9383192062 0.0125486389 0.0303480218 0.1490182806 -0.1163588655 -0.8195459124 -0.0541266615 0.5584580705
1403637134.9883191586 0.0136438942 0.0295058465 0.1185223609 -0.1187525534 -0.8227961328 -0.0488805973 0.5536380063
1403637135.0383191109 0.0142616312 0.0289818826 0.0923632366 -0.1202625732 -0.8244593929 -0.0459723651 0.5510809057
1403637135.0883190632 0.0150550597 0.0293039041 0.0715010125 -0.1212617865 -0.8254604807 -0.0438614895 0.5495332053
1403637135.1383192539 0.0168451198 0.0293962756 0.0561258430 -0.1202679457 -0.8271979109 -0.0438843514 0.5471319778
1403637135.1883189678 0.0192632832 0.0292598558 0.0475520549 -0.1190558322 -0.8299391976 -0.0447233406 0.5431633823
1403637135.2383191586 0.0219478848 0.0290052495 0.0476592843 -0.1180496389 -0.8342292190 -0.0454175484 0.5367151379
1403637135.2883191109 0.0236731242 0.0293538772 0.0580315820 -0.1183138207 -0.8378998875 -0.0459999369 0.5308574424
1403637135.3383193016 0.0228003952 0.0304243346 0.0794067880 -0.1189561254 -0.8388663315 -0.0475044615 0.5290520242
1403637135.3883190155 0.0212334338 0.0316117358 0.1102386912 -0.1187428491 -0.8367134028 -0.0504883262 0.5322233988
1403637135.4383192062 0.0184312065 0.0329563002 0.1474914488 -0.1171885439 -0.8319078724 -0.0552921278 0.5395729029
1403637135.4883191586 0.0154803241 0.0344812775 0.1897370768 -0.1148029134 -0.8256892547 -0.0617840251 0.5488536053
1403637135.5383191109 0.0130042244 0.0354354238 0.2335300001 -0.1128297434 -0.8189830663 -0.0667134138 0.5586461372
1403637135.5883190632 0.0116076587 0.0363063640 0.2769516779 -0.1115391313 -0.8126978746 -0.0731147831 0.5672172558
1403637135.6383192539 0.0093545669 0.0364116968 0.3188965500 -0.1123892572 -0.8062600480 -0.0782112499 0.5754966466
1403637135.6883189678 0.0070404602 0.0365574011 0.3583722260 -0.1136352363 -0.7995458725 -0.0811408545 0.5841486049
1403637135.7383191586 0.0053372866 0.0363072273 0.3933113000 -0.1157442315 -0.7934152453 -0.0805363041 0.5921228125
1403637135.7883191109 0.0047205919 0.0362091205 0.4219740103 -0.1180982569 -0.7881147555 -0.0782113796 0.5990082754
1403637135.8383193016 0.0044020261 0.0370012121 0.4413657826 -0.1198678296 -0.7845197859 -0.0767009892 0.6035539472
1403637135.8883190155 0.0038972997 0.0383464800 0.4518113825 -0.1219626920 -0.7823023549 -0.0747942651 0.6062457795
1403637135.9383192062 0.0026893551 0.0397321314 0.4522301372 -0.1234676287 -0.7820435465 -0.0745235141 0.6063084050
1403637135.9883191586 0.0008621393 0.0403935532 0.4428334877 -0.1236501961 -0.7834079328 -0.0733708866 0.6046481232
1403637136.0383191109 -0.0015853578 0.0401148766 0.4240590249 -0.1225891341 -0.7860101938 -0.0728791748 0.6015384488
1403637136.0883190632 -0.0052406967 0.0404865027 0.3963499834 -0.1213767225 -0.7893441327 -0.0737674847 0.5972954793
1403637136.1383192539 -0.0086447471 0.0404087906 0.3628129088 -0.1216920026 -0.7929625783 -0.0737800958 0.5924170013
1403637136.1883189678 -0.0105430433 0.0398993433 0.3250184416 -0.1202636865 -0.7981591683 -0.0762989941 0.5853691581
1403637136.2383191586 -0.0102211621 0.0389584024 0.2845512254 -0.1214758700 -0.8039040438 -0.0749834858 0.5773728243
1403637136.2883191109 -0.0077009021 0.0376633035 0.2429091576 -0.1214912000 -0.8112169468 -0.0738322336 0.5671999249
1403637136.3383193016 -0.0032127309 0.0379982634 0.2025004807 -0.1231516150 -0.8184610184 -0.0720198060 0.5565684043
1403637136.3883190155 0.0027924779 0.0376904835 0.1636821036 -0.1247945835 -0.8253946475 -0.0677745001 0.5464033353
1403637136.4383192062 0.0090797068 0.0365249107 0.1283896971 -0.1257999110 -0.8318993562 -0.0634515208 0.5367417890
1403637136.4883191586 0.0133876359 0.0351241371 0.0990463891 -0.1281701632 -0.8369347954 -0.0570669864 0.5290140986
1403637136.5383191109 0.0179297910 0.0331863648 0.0777757202 -0.1305683512 -0.8404034240 -0.0517442892 0.5234467683
1403637136.5883190632 0.0215848304 0.0322280434 0.0650920057 -0.1315970615 -0.8425901552 -0.0492601904 0.5199014112
1403637136.6383192539 0.0233661269 0.0319987320 0.0632983454 -0.1309936339 -0.8441034448 -0.0491512073 0.5176042902
1403637136.6883189678 0.0230845785 0.0321854396 0.0738574915 -0.1292776694 -0.8451630118 -0.0507160366 0.5161537089
1403637136.7383191586 0.0201377909 0.0322203760 0.0971173090 -0.1292134619 -0.8449598765 -0.0505055768 0.5165228699
1403637136.7883191109 0.0173712203 0.0329839221 0.1310047427 -0.1283886727 -0.8435966666 -0.0513331259 0.5188698516
1403637136.8383193016 0.0157598826 0.0339205492 0.1756002232 -0.1264679624 -0.8401128927 -0.0526727861 0.5248254563
1403637136.8883190155 0.0147290066 0.0354866363 0.2258958972 -0.1248274940 -0.8347163880 -0.0566235435 0.5333483128
1403637136.9383192062 0.0138490431 0.0373234570 0.2772748250 -0.1251475723 -0.8280921976 -0.0607593319 0.5430558912
1403637136.9883191586 0.0128892361 0.0395727356 0.3291153072 -0.1266631171 -0.8211015889 -0.0677869467 0.5524070649
1403637137.0383191109 0.0117587200 0.0406820521 0.3772519250 -0.1297900982 -0.8135738876 -0.0728129579 0.5620945943
1403637137.0883190632 0.0109879156 0.0414819265 0.4193591524 -0.1333859464 -0.8057463287 -0.0766130993 0.5719366015
1403637137.1383192539 0.0098688078 0.0412002144 0.4537668085 -0.1372492013 -0.7979941418 -0.0752765274 0.5819806275
1403637137.1883189678 0.0085838375 0.0411612322 0.4779644617 -0.1396920538 -0.7915292031 -0.0721198872 0.5905644526
1403637137.2383191586 0.0064944174 0.0421496122 0.4912656533 -0.1385727020 -0.7872077433 -0.0711415127 0.5966912604
1403637137.2883191109 0.0044565566 0.0439160800 0.4933724055 -0.1376665953 -0.7843698695 -0.0717322360 0.6005549955
1403637137.3383193016 0.0017515663 0.0453954387 0.4856418982 -0.1366339711 -0.7824273230 -0.0729053402 0.6031777960
1403637137.3883190155 -0.0010833761 0.0460251901 0.4673098821 -0.1349434493 -0.7815839840 -0.0733381167 0.6045976034
1403637137.4383192062 -0.0045490195 0.0461451713 0.4405577641 -0.1339054797 -0.7820428138 -0.0718935425 0.6044085361
1403637137.4883191586 -0.0071151429 0.0459992347 0.4067886671 -0.1317335897 -0.7851478482 -0.0732672025 0.6006838060
1403637137.5383191109 -0.0088015020 0.0450067970 0.3677183159 -0.1291213254 -0.7904023879 -0.0743923323 0.5941864433
1403637137.5883190632 -0.0087279062 0.0445481459 0.3248636921 -0.1268133252 -0.7975953558 -0.0777131143 0.5845688161
1403637137.6383192539 -0.0055477285 0.0443445838 0.2799841692 -0.1261099208 -0.8060854519 -0.0807128799 0.5725451626
1403637137.6883189678 -0.0008637085 0.0439190605 0.2339962036 -0.1276169900 -0.8143182707 -0.0808769318 0.5604092966
1403637137.7383191586 0.0021763866 0.0423148374 0.1907986836 -0.1290960091 -0.8216976192 -0.0772559767 0.5497078834
1403637137.7883191109 0.0059214233 0.0401005271 0.1507422725 -0.1299950350 -0.8274278611 -0.0722309265 0.5415229624
1403637137.8383193016 0.0106142406 0.0377383605 0.1153465458 -0.1299914845 -0.8318937393 -0.0671875618 0.5352951074
1403637137.8883190155 0.0157671584 0.0350874343 0.0866814118 -0.1289019734 -0.8361479748 -0.0626605110 0.5294473590
1403637137.9383192062 0.0209266671 0.0339501149 0.0670177973 -0.1278804095 -0.8405523853 -0.0610595143 0.5228671189
1403637137.9883191586 0.0247677901 0.0344470949 0.0577258937 -0.1269838042 -0.8453150944 -0.0600892988 0.5154675361
1403637138.0383191109 0.0245603630 0.0356786988 0.0615910047 -0.1271909208 -0.8493446680 -0.0590707283 0.5088681102
1403637138.0883190632 0.0237448615 0.0369405086 0.0793620720 -0.1284160069 -0.8509096107 -0.0564585972 0.5062357063
1403637138.1383192539 0.0223996046 0.0380165106 0.1097979451 -0.1271406214 -0.8498661593 -0.0539944931 0.5085738574
1403637138.1883189678 0.0172618485 0.0410271658 0.1509480470 -0.1211981929 -0.8470949898 -0.0571489806 0.5142713975
1403637138.2383191586 0.0130531972 0.0453637604 0.2022014805 -0.1143990748 -0.8419481053 -0.0675278250 0.5229495506
1403637138.2883191109 0.0100893291 0.0484455094 0.2552067644 -0.1115042482 -0.8339638766 -0.0754412575 0.5351445336
1403637138.3383193016 0.0093193601 0.0503315771 0.3078741938 -0.1108116520 -0.8243656523 -0.0816043644 0.5490744729
1403637138.3883190155 0.0069967572 0.0501300523 0.3566460991 -0.1132951007 -0.8135400143 -0.0866014495 0.5637526534
1403637138.4383192062 0.0079540948 0.0499862395 0.4013678712 -0.1148296872 -0.8033953817 -0.0931584677 0.5767941604
1403637138.4883191586 0.0090512674 0.0494779749 0.4375710711 -0.1176619743 -0.7946542908 -0.0979229854 0.5874447266
1403637138.5383191109 0.0096362082 0.0487737345 0.4633958970 -0.1202640111 -0.7877573892 -0.1004847383 0.5957161075
1403637138.5883190632 0.0102973440 0.0487021345 0.4786514339 -0.1213137174 -0.7829195800 -0.1022200247 0.6015571293
1403637138.6383192539 0.0103698272 0.0490963428 0.4826086427 -0.1218184003 -0.7801605717 -0.1012829148 0.6051871867
1403637138.6883189678 0.0085465912 0.0502195979 0.4753098906 -0.1221056372 -0.7798499351 -0.0998274624 0.6057712191
1403637138.7383191586 0.0062394953 0.0517959775 0.4581016591 -0.1235670849 -0.7809258862 -0.0961818233 0.6046775940
1403637138.7883191109 0.0021453127 0.0536060973 0.4324624488 -0.1253433050 -0.7836640126 -0.0939364815 0.6011120600
1403637138.8383193016 -0.0015871415 0.0549755680 0.3987603911 -0.1279612893 -0.7876129020 -0.0929002664 0.5955345209
